gpac:
    device: cuda
    init_time: 0.01729726791381836
    comp_time: 0.26324033737182617
    total_time: 0.28053760528564453
tensorpac:
    device: cpu
    init_time: 0.0003597736358642578
    comp_time: 0.08183956146240234
    total_time: 0.0821993350982666
comparison:
    computation_speedup: 0.3108929363922073
    total_speedup: 0.29300647595737084
